0.001251
0.563585
0.193304
0.808741
0.585009
0.479873
0.350291
0.895962
0.822840
0.746605
0.174108
0.858943
0.710501
0.513535
0.303995
0.014985
0.091403
0.364452
0.147313
0.165899
0.988525
0.445692
0.119083
0.004669
0.008911
0.377880
0.531663
0.571184
0.601764
0.607166
0.166234
0.663045
0.450789
0.352123
0.057039
0.607685
0.783319
0.802606
0.519883
0.301950
0.875973
0.726676
0.955901
0.925718
0.539354
0.142338
0.462081
0.235328
0.862239
0.209601
0.779656
0.843654
0.996796
0.999695
0.611499
0.392438
0.266213
0.297281
0.840144
0.023743
0.375866
0.092624
0.677206
0.056215
0.008789
0.918790
0.275887
0.272897
0.587909
0.691183
0.837611
0.726493
0.484939
0.205359
0.743736
0.468459
0.457961
0.949156
0.744438
0.108280
0.599048
0.385235
0.735008
0.608966
0.572405
0.361339
0.151555
0.225105
0.425153
0.802881
0.517106
0.989990
0.751549
0.345561
0.168981
0.657308
0.491897
0.063540
0.699759
0.504807
0.147496
0.949583
0.141575
0.905118
0.692892
0.303049
0.426557
0.070376
0.966613
0.683187
0.153233
0.877255
0.821680
0.582049
0.191351
0.177892
0.817194
0.475265
0.155553
0.503922
0.732017
0.405591
0.279580
0.568743
0.682241
0.755852
0.721915
0.475295
0.123020
0.367809
0.834681
0.035096
0.517014
0.662984
0.426222
0.104678
0.949339
0.921384
0.549547
0.345988
0.471725
0.374981
0.846980
0.316874
0.456099
0.271889
0.982971
0.297800
0.739189
0.567278
0.195990
0.761315
0.839442
0.397656
0.500900
0.890164
0.027467
0.994629
0.572588
0.050508
0.531327
0.194067
0.843043
0.626759
0.657613
0.197851
0.842158
0.123325
0.109928
0.743126
0.314066
0.941069
0.286081
0.336314
0.140263
0.733085
0.834620
0.707999
0.600238
0.747215
0.252724
0.144475
0.001617
0.061007
0.806238
0.852626
0.210578
0.115604
0.553209
0.014252
0.113773
0.454512
0.752220
0.686148
0.543443
0.073885
0.436720
0.201941
0.696219
0.290353
0.436689
0.232429
0.577868
0.532579
0.628681
0.160192
0.504135
0.963042
0.695761
0.924802
0.189947
0.335948
0.178350
0.995178
0.457442
0.998016
0.097507
0.625172
0.094394
0.437727
0.931516
0.048433
0.894620
0.290017
0.227302
0.769066
0.410718
0.201971
0.628071
0.604144
0.451613
0.466353
0.597827
0.634724
0.854793
0.828791
0.624775
0.720908
0.565752
0.375134
0.184271
0.737907
0.555132
0.905087
0.242866
0.188940
0.604724
0.698508
0.584613
0.351299
0.494461
0.080386
0.740745
0.612049
0.620380
0.691122
0.804529
0.149113
0.576037
0.867733
0.911557
0.614704
0.727683
0.043214
0.667776
0.976531
0.315012
0.569201
0.305826
0.173925
0.108554
0.869045
0.851222
0.744316
0.154881
0.326914
0.079348
0.076601
0.640980
0.820002
0.545091
0.448256
0.408979
0.298746
0.465560
0.501205
0.152654
0.323038
0.737999
0.313883
0.826685
0.959075
0.873348
0.725028
0.300058
0.943999
0.127232
0.065737
0.784967
0.524583
0.609638
0.956114
0.072268
0.875637
0.653859
0.322123
0.104801
0.505051
0.227088
0.290292
0.919980
0.551164
0.662801
0.114536
0.492538
0.379131
0.496811
0.793359
0.509262
0.382366
0.688162
0.532151
0.606281
0.395184
0.005890
0.707877
0.100620
0.623066
0.863247
0.491501
0.747337
0.496902
0.380108
0.785363
0.552812
0.357097
0.955718
0.630848
0.176580
0.374248
0.131626
0.743278
0.951720
0.611988
0.027833
0.329844
0.055910
0.639210
0.131626
0.847072
0.864315
0.596881
0.721641
0.853969
0.014679
0.126469
0.707907
0.617145
0.217566
0.065950
0.168920
0.624104
0.340983
0.319407
0.367565
0.661000
0.802393
0.806879
0.526536
0.611103
0.798181
0.900601
0.144810
0.630177
0.402417
0.253700
0.136540
0.855190
0.066164
0.427808
0.573351
0.302286
0.548051
0.225562
0.311350
0.110630
0.808039
0.134709
0.284249
0.788110
0.895230
0.789636
0.743797
0.615223
0.361126
0.856655
0.228492
0.863582
0.229438
0.249550
0.542405
0.984832
0.053804
0.081423
0.524674
0.426801
0.094668
0.258797
0.891537
0.232765
0.146550
0.125095
0.931639
0.080111
0.047090
0.058718
0.336406
0.914701
0.398602
0.432783
0.946165
0.837184
0.534227
0.842097
0.693533
0.397687
0.259163
0.004334
0.525590
0.954802
0.398694
0.241096
0.585559
0.255135
0.684011
0.945280
0.435499
0.890225
0.007172
0.940977
0.601550
0.786157
0.576678
0.142430
0.222327
0.383007
0.004273
0.417920
0.082247
0.659932
0.855098
0.064852
0.811060
0.662069
0.691488
0.802698
0.530137
0.685629
0.142766
0.689505
0.727897
0.777734
0.031068
0.868679
0.644520
0.706565
0.085452
0.551988
0.947905
0.058779
0.274972
0.145177
0.981780
0.619984
0.292245
0.922483
0.367534
0.694540
0.218635
0.155919
0.240547
0.521439
0.902280
0.106418
0.902646
0.441725
0.080111
0.782098
0.171789
0.974395
0.775872
0.870388
0.210639
0.456618
0.003754
0.750633
0.114048
0.404706
0.311136
0.992615
0.038575
0.252083
0.189276
0.247688
0.153508
0.620319
0.885372
0.939085
0.195654
0.779656
0.645558
0.656758
0.909146
0.455458
0.921293
0.664174
0.150761
0.636341
0.569536
0.422040
0.943022
0.540574
0.578570
0.536454
0.255287
0.396954
0.350261
0.036622
0.795251
0.196509
0.070284
0.389416
0.590747
0.070925
0.197668
0.155889
0.644337
0.454329
0.604297
0.697348
0.441298
0.684469
0.396527
0.835719
0.592212
0.199591
0.949461
0.876003
0.391705
0.987457
0.185308
0.895718
0.574450
0.442061
0.627338
0.708518
0.049623
0.285562
0.260201
0.407636
0.895322
0.710196
0.728446
0.896054
0.393567
0.397412
0.903867
0.308603
0.388104
0.570574
0.353557
0.733695
0.745354
0.736381
0.739433
0.139317
0.200171
0.272591
0.680441
0.911130
0.367840
0.517655
0.109378
0.907437
0.203070
0.517960
0.654836
0.438520
0.687643
0.090426
0.079562
0.075777
0.027802
0.355083
0.307230
0.697287
0.142674
0.394848
0.067843
0.675741
0.724937
0.198706
0.694021
0.615711
0.654897
0.543992
0.098300
0.545366
0.049623
0.974578
0.464034
0.969970
0.727866
0.530961
0.679922
0.692801
0.372112
0.388623
0.049959
0.809778
0.169561
0.060823
0.310556
0.784478
0.212470
0.321909
0.484664
0.009156
0.439863
0.507859
0.605945
0.758538
0.401074
0.349803
0.842647
0.942320
0.623310
0.997284
0.053468
0.562853
0.863552
0.386761
0.306406
0.284219
0.026704
0.612568
0.391186
0.018616
0.031037
0.455702
0.857936
0.936766
0.401898
0.727287
0.611591
0.808374
0.875423
0.582598
0.595019
0.079012
0.793176
0.462203
0.590625
0.589434
0.569201
0.816065
0.672750
0.343577
0.010224
0.267312
0.341563
0.232093
0.771020
0.371746
0.869869
0.116855
0.725578
0.628925
0.893948
0.183020
0.535569
0.902005
0.780084
0.965209
0.197363
0.901547
0.797418
0.953398
0.848811
0.890347
0.628712
0.185461
0.616932
0.264992
0.250649
0.732200
0.788110
0.170934
0.713889
0.480941
0.081484
0.806543
0.855342
0.124638
0.307474
0.573321
0.472976
0.762047
0.191870
0.727775
0.995025
0.015351
0.647633
0.691641
0.174139
0.072115
0.274972
0.676626
0.838923
0.556658
0.371227
0.779504
0.232521
0.638234
0.231666
0.204596
0.971038
0.281747
0.022889
0.769219
0.151830
0.046968
0.009247
0.348582
0.643880
0.343242
0.414563
0.416517
0.090670
0.545183
0.699271
0.337992
0.657521
0.876247
0.535478
0.570025
0.053987
0.465773
0.259987
0.426801
0.863338
0.486587
0.087436
0.565813
0.709403
0.778466
0.864223
0.850551
0.293008
0.864376
0.644917
0.746849
0.828639
0.765618
0.871914
0.908322
0.912534
0.521958
0.440168
0.107639
0.354015
0.823054
0.427717
0.169836
0.000855
0.657460
0.773553
0.063723
0.089816
0.385662
0.683889
0.807611
0.154088
0.142857
0.048463
0.346141
0.018555
0.978423
0.647633
0.053652
0.914151
0.637471
0.431715
0.021058
0.242592
0.391949
0.654012
0.781884
0.022828
0.826044
0.138432
0.634266
0.550401
0.983489
0.463424
0.214789
0.300699
0.782159
0.342540
0.480605
0.608020
0.102512
0.984436
0.755821
0.150884
0.456404
0.711631
0.998749
0.775506
0.641652
0.621204
0.946104
0.688162
0.289804
0.567156
0.290384
0.548235
0.712363
0.246437
0.546678
0.492630
0.952055
0.669820
0.765160
0.623371
0.445753
0.798761
0.745537
0.988922
0.204627
0.629475
0.909818
0.591296
0.918394
0.505539
0.489395
0.449721
0.889340
0.940397
0.182928
0.251961
0.203009
0.730491
0.941130
0.625080
0.041353
0.641346
0.034516
0.556352
0.544481
0.446333
0.061373
0.996033
0.127750
0.600909
0.050356
0.172796
0.660237
0.332438
0.315958
0.653584
0.410535
0.427503
0.221625
0.678518
0.166448
0.497543
0.507645
0.802728
0.435072
0.004517
0.339488
0.375896
0.128574
0.827326
0.733299
0.891140
0.643330
0.650594
0.514481
0.733970
0.737175
0.957091
0.465835
0.363262
0.112186
0.904660
0.821223
0.454787
0.108676
0.869442
0.761376
0.039125
0.416669
0.936125
0.067751
0.164861
0.211280
0.116916
0.591113
0.118351
0.618274
0.580096
0.690298
0.731559
0.915647
0.669729
0.298502
0.808863
0.378185
0.997497
0.772515
0.204413
0.170568
0.388256
0.181219
0.580981
0.195624
0.960143
0.190252
0.381726
0.303995
0.120823
0.198157
0.046236
0.771172
0.761040
0.881039
0.001770
0.448622
0.426374
0.801538
0.461348
0.494858
0.749382
0.238502
0.559404
0.092746
0.922025
0.893826
0.857021
0.059633
0.490890
0.632038
0.747215
0.756066
0.255745
0.909909
0.791986
0.199622
0.552843
0.051241
0.522172
0.790368
0.704154
0.024049
0.731742
0.553362
0.914212
0.875546
0.796930
0.305429
0.394940
0.481887
0.052583
0.651967
0.000855
0.768578
0.756188
0.219733
0.154759
0.057527
0.670614
0.032685
0.345866
0.697867
0.798151
0.436262
0.981719
0.635548
0.295297
0.476974
0.874355
0.079287
0.100986
0.143223
0.143010
0.917997
0.308725
0.373821
0.813837
0.046632
0.814203
0.239998
0.897885
0.256508
0.269356
0.208014
0.229377
0.846156
0.874844
0.887692
0.844783
0.609272
0.040895
0.173528
0.183752
0.355907
0.449263
0.185064
0.894467
0.623035
0.546342
0.911679
0.522599
0.730644
0.999329
0.969329
0.867428
0.840205
0.146672
0.374401
0.284371
0.170965
0.973754
0.741813
0.716605
0.030885
0.645039
0.812708
0.735923
0.818171
0.124638
0.718894
0.375072
0.649831
0.915433
0.889676
0.032167
0.773492
0.448866
0.007569
0.228614
0.418470
0.156590
0.919034
0.501694
0.242866
0.754479
0.906522
0.213477
0.032105
0.771172
0.228248
0.556597
0.806391
0.852016
0.331614
0.538926
0.991791
0.869350
0.646870
0.227729
0.812799
0.371044
0.366894
0.034974
0.561296
0.397870
0.119785
0.324931
0.899014
0.201483
0.940184
0.125065
0.849330
0.893948
0.445570
0.222114
0.634754
0.560076
0.624042
0.423658
0.016480
0.864132
0.139622
0.267403
0.291971
0.681661
0.561449
0.958831
0.607227
0.788232
0.422712
0.818384
0.739463
0.135777
0.516526
0.020081
0.006989
0.748314
0.333872
0.902127
0.462264
0.767907
0.050508
0.630970
0.024171
0.682424
0.969085
0.500443
0.706381
0.265938
0.822352
0.646626
0.597217
0.263619
0.844234
0.460067
0.748161
0.351604
0.014496
0.476547
0.626484
0.403882
0.383618
0.027619
0.288827
0.596850
0.883877
0.432173
0.931547
0.382977
0.533128
0.010071
0.974242
0.865200
0.437422
0.699637
0.332957
0.602344
0.498550
0.559618
0.039003
0.378216
0.233039
0.937346
0.859523
0.964110
0.608814
0.583972
0.076449
0.407025
0.305307
0.498581
0.080050
0.874783
0.304270
0.781518
0.932890
0.588427
0.216224
0.279305
0.560717
0.874416
0.250069
0.301401
0.727134
0.866604
0.231086
0.190710
0.446791
0.890347
0.574328
0.028779
0.995239
0.059236
0.619190
0.256935
0.169836
0.116123
0.231483
0.494888
0.959807
0.049287
0.079623
0.337657
0.279733
0.515549
0.490555
0.412275
0.924711
0.601062
0.292154
0.475753
0.401654
0.951323
0.548357
0.834925
0.794427
0.801660
0.592853
0.870083
0.318064
0.939177
0.267922
0.943327
0.718772
0.127628
0.774895
0.472884
0.175909
0.026673
0.041627
0.454787
0.862300
0.136113
0.014466
0.212775
0.818537
0.797205
0.779656
0.658498
0.298746
0.781426
0.921506
0.842128
0.242622
0.498764
0.023011
0.075716
0.030885
0.356212
0.715323
0.409803
0.180425
0.297922
0.182104
0.744896
0.134739
0.058229
0.525620
0.358867
0.806726
0.158818
0.899869
0.131809
0.029237
0.181433
0.818079
0.249214
0.570696
0.346904
0.539933
0.664907
0.870754
0.932524
0.945280
0.105197
0.153233
0.557970
0.800256
0.895138
0.072512
0.872311
0.822413
0.388287
0.548784
0.671957
0.450941
0.281381
0.949461
0.982147
0.728050
0.594806
0.272378
0.131962
0.197943
0.600513
0.487350
0.355327
0.229926
0.478439
0.691794
0.948149
0.671133
0.982574
0.237526
0.513565
0.235817
0.898038
0.484359
0.326456
0.537492
0.570788
0.336528
0.348155
0.169225
0.290170
0.219275
0.922819
0.739677
0.807001
0.650441
0.686697
0.270089
0.766869
0.064425
0.721763
0.859066
0.341563
0.044374
0.484298
0.020783
0.838191
0.618519
0.540574
0.604053
0.568682
0.777367
0.640034
0.696738
0.759941
0.868007
0.157994
0.423505
0.786462
0.021424
0.438368
0.042146
0.506302
0.269265
0.068270
0.244850
0.982055
0.506455
0.615528
0.071017
0.367504
0.955535
0.860073
0.337474
0.241890
0.289529
0.050966
0.992706
0.172460
0.068911
0.220130
0.300913
0.786859
0.649617
0.083682
0.262764
0.136479
0.217536
0.562578
0.178259
0.632282
0.106906
0.453719
0.758843
0.333811
0.057405
0.282510
0.694296
0.873257
0.567583
0.868496
0.081210
0.795404
0.999664
0.634999
0.618854
0.594775
0.593127
0.194250
0.978881
0.231513
0.042299
0.239051
0.255135
0.406812
0.794946
0.272469
0.900052
0.379437
0.727561
0.206488
0.052950
0.604572
0.353984
0.361248
0.668111
0.976043
0.223640
0.895779
0.346965
0.953520
0.665120
0.201666
0.282357
0.355449
0.531999
0.290994
0.219977
0.099612
0.106723
0.709342
0.843806
0.671865
0.819147
0.005768
0.491348
0.604633
0.935331
0.290628
0.605823
0.746910
0.873836
0.912229
0.830103
0.605914
0.304880
0.784234
0.150121
0.542619
0.689047
0.394635
0.993194
0.101932
0.411603
0.027436
0.687429
0.258889
0.169012
0.228645
0.189001
0.862209
0.763298
0.047609
0.483230
0.056154
0.961241
0.084994
0.565477
0.962554
0.573901
0.878658
0.408704
0.403150
0.413495
0.658528
0.823359
0.945189
0.283120
0.002228
0.616260
0.049440
0.656056
0.421949
0.954497
0.603961
0.200873
0.414380
0.340556
0.623127
0.808405
0.004852
0.105258
0.394421
0.276864
0.316782
0.824244
0.853511
0.311533
0.197668
0.564684
0.469069
0.995117
0.433241
0.368480
0.418775
0.384869
0.580432
0.877743
0.337413
0.393384
0.951048
0.509140
0.418592
0.608295
0.776757
0.083651
0.151189
0.207923
0.087344
0.317270
0.471816
0.629139
0.332774
0.079318
0.614521
0.142827
0.280709
0.824976
0.439070
0.994415
0.220954
0.107334
0.518998
0.264595
0.007355
0.576250
0.770562
0.107517
0.969207
0.369427
0.903989
0.521714
0.222663
0.302622
0.478469
0.310617
0.414411
0.764733
0.841609
0.389111
0.427473
0.724174
0.734916
0.091403
0.081729
0.753075
0.846980
0.637806
0.359630
0.475021
0.094394
0.415296
0.188360
0.343120
0.913388
0.229316
0.310312
0.154271
0.341533
0.182287
0.272286
0.205939
0.172460
0.335276
0.065432
0.501907
0.963683
0.809259
0.446455
0.912992
0.179266
0.481918
0.472091
0.699240
0.248604
0.936705
0.277444
0.299539
0.822443
0.819636
0.629902
0.795068
0.007202
0.260964
0.289529
0.952971
0.859462
0.517441
0.707511
0.256172
0.921049
0.491256
0.093539
0.825983
0.076693
0.282632
0.383862
0.643269
0.515091
0.431532
0.140721
0.974975
0.074618
0.005188
0.914792
0.411664
0.755333
0.187658
0.101718
0.423139
0.677938
0.527421
0.824213
0.837184
0.271493
0.499496
0.870449
0.148991
0.970794
0.538377
0.220679
0.066744
0.204627
0.197729
0.192907
0.199530
0.956786
0.593493
0.738792
0.294382
0.679830
0.786126
0.921323
0.928434
0.844325
0.258980
0.105441
0.061892
0.903775
0.148320
0.892758
0.359416
0.956694
0.381573
0.331462
0.684561
0.887539
0.380108
0.433271
0.674642
0.267098
0.482833
0.527848
0.802057
0.794122
0.746330
0.486679
0.827784
0.559038
0.278787
0.347179
0.054140
0.911252
0.762902
0.368480
0.282388
0.211249
0.324564
0.050142
0.881619
0.248817
0.403821
0.144871
0.875271
0.608112
0.783654
0.196844
0.451704
0.761773
0.433332
0.636464
0.804559
0.174444
0.322672
0.963195
0.709403
0.197546
0.862880
0.047304
0.743217
0.036042
0.130833
0.082369
0.552690
0.568957
0.533006
0.218879
0.077181
0.304605
0.064455
0.411267
0.133702
0.251686
0.820643
0.508774
0.268715
0.987945
0.916532
0.121738
0.284433
0.706961
0.470931
0.294748
0.344646
0.525101
0.811121
0.517228
0.067324
0.829218
0.554399
0.103641
0.509568
0.946684
0.723106
0.473922
0.451308
0.918882
0.548845
0.365276
0.884365
0.659719
0.122532
0.507401
0.112430
0.279794
0.546464
0.791284
0.369182
0.858119
0.744346
0.463851
0.359661
0.442091
0.585925
0.379040
0.632038
0.557604
0.482589
0.836665
0.185705
0.009705
0.109256
0.040620
0.221778
0.255959
0.410291
0.707602
0.442732
0.133061
0.544053
0.856777
0.806635
0.218268
0.923826
0.313364
0.143223
0.606861
0.010285
0.955565
0.537248
0.386883
0.012391
0.237068
0.885708
0.592456
0.152593
0.016541
0.535203
0.916715
0.652730
0.224464
0.405560
0.965819
0.097079
0.399579
0.506119
0.335307
0.328410
0.625416
0.250771
0.289956
0.533525
0.898679
0.478072
0.328166
0.674581
0.460341
0.582751
0.412763
0.922300
0.120975
0.664724
0.148686
0.247383
0.111576
0.102023
0.689505
0.826441
0.490738
0.453749
0.653432
0.418500
0.639912
0.099216
0.830592
0.368633
0.877956
0.520035
0.962279
0.394696
0.725700
0.630604
0.374126
0.813410
0.852565
0.063936
0.743583
0.362377
0.235603
0.818964
0.783715
0.273934
0.563219
0.174718
0.124241
0.757103
0.413800
0.279427
0.170965
0.544206
0.241249
0.318613
0.225074
0.658040
0.698416
0.670248
0.643330
0.056032
0.329508
0.952239
0.320688
0.307627
0.162969
0.368542
0.276437
0.961119
0.236213
0.260811
0.624836
0.756035
0.582812
0.271004
0.712149
0.337901
0.714133
0.021577
0.700552
0.630696
0.126377
0.719871
0.380902
0.523942
0.864132
0.591937
0.495163
0.030793
0.671773
0.553484
0.349590
0.572588
0.764275
0.022645
0.000641
0.546953
0.748070
0.282235
0.794031
0.835231
0.723807
0.296457
0.538652
0.405591
0.101779
0.389386
0.096713
0.668203
0.161840
0.690939
0.670766
0.738517
0.888241
0.756584
0.569506
0.264931
0.111454
0.267129
0.733451
0.977477
0.487899
0.214911
0.801202
0.612903
0.348521
0.482620
0.998505
0.373669
0.947996
0.220618
0.630268
0.575701
0.145543
0.929899
0.457930
0.642323
0.048647
0.655751
0.742393
0.099979
0.650746
0.199591
0.234352
0.732139
0.994537
0.754112
0.893307
0.547655
0.891781
0.868862
0.615955
0.719901
0.731071
0.151921
0.756218
0.152776
0.404736
0.614490
0.716788
0.829981
0.886044
0.063723
0.394757
0.603626
0.488083
0.451369
0.761803
0.578784
0.335734
0.583056
0.360332
0.749748
0.081454
0.095645
0.997070
0.044465
0.396680
0.108188
0.414960
0.433912
0.269723
0.453017
0.224982
0.261330
0.641743
0.893094
0.878964
0.449324
0.411695
0.232063
0.964415
0.739372
0.341716
0.723045
0.603381
0.621448
0.894223
0.682485
0.235633
0.108798
0.531663
0.715506
0.567949
0.015107
0.510910
0.458449
0.970855
0.889645
0.702383
0.245827
0.103549
0.266671
0.466292
0.606769
0.049074
0.386181
0.116642
0.998169
0.739921
0.040834
0.004395
0.680258
0.956420
0.706626
0.750877
0.141087
0.678274
0.612751
0.662984
0.976012
0.071108
0.907407
0.861324
0.628498
0.889004
0.575152
0.152196
0.898618
0.573901
0.262947
0.175481
0.625294
0.834315
0.670278
0.858638
0.448531
0.982971
0.660115
0.708762
0.058229
0.815973
0.746910
0.974151
0.835353
0.314127
0.117649
0.205512
0.291787
0.947783
0.842494
0.249763
0.215918
0.866176
0.430891
0.205725
0.928739
0.753319
0.389996
0.374737
0.557970
0.630726
0.941069
0.736259
0.736045
0.388714
0.550188
0.980224
0.627979
0.327677
0.430036
0.627338
0.695669
0.490127
0.668386
0.268349
0.104740
0.065188
0.139775
0.453963
0.180273
0.646504
0.856777
0.266091
0.817591
0.624897
0.916807
0.102268
0.254189
0.497147
0.701132
0.704123
0.109592
0.371990
0.481796
0.961028
0.098849
0.454512
0.093173
0.520737
0.325968
0.790521
0.824152
0.737815
0.563952
0.051729
0.187353
0.990875
0.427198
0.643422
0.721427
0.900754
0.842952
0.915342
0.482986
0.479812
0.727500
0.757714
0.383953
0.744621
0.273995
0.362896
0.031220
0.822260
0.757897
0.434675
0.224281
0.082461
0.265725
0.625690
0.767266
0.326151
0.254707
0.484970
0.751885
0.561937
0.347911
0.696310
0.967132
0.401685
0.272683
0.888882
0.592364
0.606616
0.347362
0.801416
0.829768
0.814997
0.423414
0.081271
0.632405
0.982543
0.688681
0.499283
0.184271
0.567278
0.238380
0.861995
0.288919
0.989563
0.819941
0.402509
0.321726
0.398663
0.657582
0.930876
0.903867
0.277688
0.763665
0.525712
0.952269
0.917020
0.642445
0.047914
0.263558
0.288644
0.792474
0.258065
0.287027
0.351909
0.914396
0.818476
0.243385
0.322153
0.229835
0.961180
0.245491
0.933592
0.817988
0.103397
0.577258
0.227363
0.375958
0.191412
0.787103
0.896725
0.309244
0.054170
0.752037
0.719291
0.558489
0.547929
0.368603
0.109409
0.068880
0.773125
0.027253
0.320139
0.308329
0.144963
0.525925
0.327219
0.740715
0.598498
0.579546
0.925871
0.660451
0.709799
0.581286
0.071780
0.294748
0.014618
0.772179
0.997436
0.579546
0.305246
0.475112
0.134953
0.515610
0.187231
0.549577
0.377239
0.510941
0.677328
0.723258
0.707663
0.615802
0.123356
0.956969
0.730644
0.056368
0.227943
0.498825
0.133671
0.973937
0.456679
0.784631
0.612232
0.774712
0.612598
0.839381
0.288766
0.998047
0.857631
0.337809
0.157292
0.107700
0.962920
0.978851
0.584399
0.113834
0.068484
0.330943
0.398236
0.430860
0.734428
0.804559
0.596698
0.878109
0.563677
0.907346
0.205908
0.229225
0.179113
0.439405
0.320383
0.216773
0.834742
0.783685
0.856136
0.398053
0.443190
0.948759
0.047700
0.788415
0.300607
0.519486
0.220954
0.668691
0.289682
0.172460
0.872219
0.472335
0.842799
0.911771
0.585284
0.159307
0.446028
0.682028
0.817835
0.982055
0.965453
0.514451
0.087985
0.050722
0.576861
0.862514
0.592669
0.603351
0.580523
0.282998
0.788629
0.387158
0.881619
0.119541
0.967956
0.057741
0.418043
0.343852
0.358562
0.001984
0.317057
0.211554
0.781854
0.490768
0.061129
0.889004
0.397595
0.568590
0.445235
0.706565
0.568560
0.585101
0.606220
0.195532
0.375225
0.776025
0.905820
0.564287
0.812098
0.798883
0.948241
0.770165
0.197119
0.629994
0.513932
0.843318
0.825129
0.729179
0.690634
0.618732
0.396527
0.878384
0.982788
0.532884
0.252998
0.600055
0.680776
0.640797
0.950682
0.562243
0.271310
0.510178
0.202643
0.875973
0.169866
0.149022
0.722098
0.691519
0.556810
0.622150
0.996460
0.999939
0.598193
0.513932
0.525193
0.045686
0.832636
0.892666
0.551103
0.256996
0.005341
0.933287
0.817499
0.099826
0.130833
0.854488
0.381603
0.762322
0.065249
0.326548
0.016175
0.075106
0.369823
0.006256
0.230110
0.574602
0.746452
0.354686
0.439405
0.114750
0.826991
0.394757
0.319864
0.934294
0.597156
0.564379
0.872707
0.584765
0.236396
0.321604
0.234077
0.626789
0.655416
0.657826
0.760430
0.499619
0.511490
0.175542
0.419874
0.470992
0.984375
0.887020
0.022156
0.073275
0.092593
0.389386
0.317179
0.932279
0.832331
0.573504
0.494186
0.394696
0.919736
0.521958
0.112613
0.860958
0.417920
0.752831
0.995727
0.228828
0.030183
0.465346
0.118381
0.355449
0.340251
0.943968
0.020417
0.942259
0.781213
0.776666
0.776269
0.750725
0.614124
0.044038
0.052828
0.554033
0.697684
0.135319
0.286416
0.731437
0.330088
0.347697
0.509781
0.911466
0.944639
0.924955
0.861324
0.570208
0.939726
0.691763
0.306650
0.990905
0.425123
0.940306
0.604694
0.491043
0.165624
0.724601
0.048952
0.323466
0.502762
0.219581
0.015442
0.157414
0.536790
0.300851
0.848689
0.545946
0.349345
0.001221
0.116520
0.285775
0.548570
0.000793
0.765679
0.076388
0.917570
0.806055
0.208747
0.383618
0.447890
0.775018
0.874081
0.915128
0.538682
0.644215
0.249855
0.612903
0.643483
0.713828
0.953703
0.570269
0.145116
0.347331
0.858425
0.778283
0.740898
0.941862
0.806421
0.108798
0.118168
0.025391
0.942564
0.440321
0.202826
0.637501
0.197699
0.332133
0.760674
0.648976
0.954009
0.153966
0.634114
0.177648
0.422834
0.076907
0.394513
0.756035
0.767052
0.831660
0.692007
0.406995
0.498489
0.640919
0.083529
0.284127
0.182318
0.231635
0.621235
0.032685
0.979034
0.333720
0.981017
0.527421
0.055696
0.571245
0.414228
0.143803
0.397870
0.152532
0.302286
0.218574
0.052400
0.265267
0.596301
0.855953
0.334056
0.582995
0.922605
0.735954
0.025605
0.789148
0.635670
0.080721
0.103580
0.524888
0.599536
0.435560
0.020600
0.667196
0.978790
0.420331
0.075686
0.342967
0.820856
0.108097
0.903592
0.586047
0.710379
0.186926
0.614460
0.042756
0.277047
0.560991
0.615528
0.632832
0.838588
0.547472
0.645100
0.571337
0.959075
0.325419
0.051180
0.658437
0.205206
0.792901
0.845363
0.242958
0.880825
0.488357
0.563005
0.765862
0.020875
0.732933
0.461959
0.290139
0.427046
0.649556
0.089846
0.923460
0.025056
0.215400
0.752068
0.539201
0.325846
0.003632
0.911191
0.703177
0.271340
0.771020
0.049532
0.211035
0.246345
0.547166
0.025666
0.143895
0.537584
0.382580
0.456465
0.847163
0.021363
0.410535
0.155431
0.739799
0.361003
0.379894
0.159520
0.360057
0.495132
0.315073
0.374584
0.553392
0.698416
0.458937
0.371410
0.209418
0.995788
0.155156
0.363445
0.454054
0.211280
0.826594
0.897244
0.702658
0.433149
0.705130
0.287240
0.481124
0.176000
0.470199
0.325846
0.420667
0.021485
0.451369
0.300119
0.332377
0.018952
0.551927
0.846400
0.768761
0.626911
0.549272
0.674032
0.977142
0.476730
0.928495
0.689627
0.652364
0.740196
0.905454
0.552629
0.394513
0.381268
0.795557
0.194281
0.277779
0.074404
0.384533
0.330180
0.436964
0.069887
0.457289
0.498642
0.078005
0.787622
0.141362
0.655477
0.818323
0.420759
0.220923
0.856777
0.763573
0.330424
0.077944
0.060671
0.227088
0.512650
0.416334
0.579913
0.498093
0.918729
0.425611
0.215339
0.564867
0.910459
0.540422
0.603076
0.199377
0.631306
0.451796
0.805231
0.309519
0.575030
0.526749
0.676321
0.964995
0.132542
0.292306
0.036225
0.003449
0.398663
0.140110
0.181097
0.623035
0.020020
0.908261
0.763329
0.867061
0.364971
0.495956
0.571856
0.408032
0.797266
0.168065
0.244362
0.536637
0.334208
0.705008
0.442183
0.761681
0.471236
0.054628
0.519211
0.928129
0.453352
0.642720
0.216468
0.258553
0.775231
0.997223
0.413312
0.225013
0.191229
0.843867
0.466170
0.657002
0.016236
0.328410
0.166906
0.991943
0.998840
0.522080
0.851222
0.074801
0.547899
0.866482
0.688803
0.412580
0.594256
0.714347
0.686483
0.290078
0.867946
0.622059
0.435255
0.653371
0.873043
0.550493
0.133061
0.166967
0.340922
0.630329
0.913938
0.351390
0.443220
0.647877
0.014924
0.206488
0.545885
0.908109
0.812769
0.227973
0.785516
0.630696
0.260079
0.222266
0.249031
0.535691
0.753960
0.826777
0.038423
0.774743
0.967040
0.141270
0.001282
0.864193
0.672781
0.377087
0.408582
0.776757
0.096255
0.929777
0.361126
0.847194
0.821528
0.782220
0.205634
0.649037
0.786645
0.643880
0.742027
0.498062
0.398358
0.732658
0.502609
0.739036
0.296701
0.605548
0.885250
0.471908
0.801416
0.944456
0.420942
0.873745
0.571215
0.703238
0.957549
0.772546
0.507401
0.522385
0.040712
0.629292
0.432478
0.817652
0.273568
0.584552
0.575762
0.448408
0.935820
0.725578
0.396741
0.372692
0.643941
0.230445
0.777490
0.194678
0.333964
0.545579
0.115635
0.011017
0.347453
0.252449
0.348949
0.462172
0.902158
0.780145
0.442640
0.395093
0.729026
0.619770
0.371014
0.043641
0.156346
0.197272
0.124332
0.132633
0.422285
0.060457
0.772668
0.812128
0.497208
0.536851
0.116947
0.827754
0.197180
0.518540
0.960143
0.834071
0.869716
0.530076
0.527696
0.256355
0.432722
0.736015
0.070711
0.607746
0.048677
0.043977
0.181158
0.667348
0.214484
0.959899
0.851741
0.426435
0.548753
0.351054
0.810846
0.208014
0.057466
0.774163
0.164342
0.866787
0.159612
0.523606
0.875301
0.475082
0.253609
0.056948
0.112522
0.401959
0.106113
0.953551
0.999908
0.190374
0.844478
0.062471
0.796991
0.140141
0.833491
0.996643
0.042879
0.001617
0.218848
0.628071
0.693991
0.687582
0.417341
0.742210
0.787072
0.408246
0.335643
0.506180
0.659322
0.136998
0.599109
0.907743
0.255989
0.812098
0.571245
0.821528
0.557237
0.180883
0.445845
0.858150
0.655507
0.693258
0.192267
0.652974
0.514328
0.349681
0.635701
0.750542
0.940153
0.910947
0.453322
0.740745
0.798364
0.375195
0.367870
0.803644
0.004456
0.129063
0.319559
0.318247
0.322245
0.678762
0.897885
0.692404
0.499466
0.367229
0.814386
0.069277
0.773003
0.984558
0.697653
0.067385
0.274117
0.676351
0.992035
0.209906
0.365581
0.057894
0.240699
0.199530
0.441572
0.939451
0.535295
0.695669
0.221747
0.568651
0.412275
0.749443
0.070711
0.797571
0.978210
0.553453
0.374096
0.079134
0.544542
0.662038
0.502518
0.700430
0.553606
0.338572
0.394818
0.157903
0.076662
0.186071
0.291482
0.082247
0.665822
0.716941
0.649800
0.617603
0.840175
0.018708
0.771996
0.662557
0.988464
0.171758
0.177282
0.878506
0.968780
0.574969
0.249702
0.871883
0.186773
0.835994
0.192022
0.456618
0.433790
0.382305
0.818110
0.402661
0.265664
0.449019
0.213965
0.577197
0.204260
0.600116
0.799677
0.884884
0.542070
0.438887
0.822352
0.912778
0.031983
0.664327
0.812525
0.687002
0.242744
0.129246
0.034394
0.446577
0.861843
0.056825
0.461653
0.841609
0.726859
0.071413
0.309519
0.460829
0.866726
0.200140
0.655416
0.096255
0.333720
0.501419
0.177953
0.649892
0.107944
0.476791
0.546953
0.089328
0.855403
0.921995
0.494736
0.358715
0.820338
0.373943
0.100497
0.650685
0.634327
0.809595
0.318705
0.946074
0.322123
0.752922
0.282907
0.227424
0.286111
0.446516
0.416272
0.272652
0.550554
0.243721
0.879971
0.434828
0.046968
0.877865
0.390515
0.314707
0.221625
0.764550
0.937864
0.732047
0.746605
0.993591
0.434828
0.902005
0.615558
0.166326
0.829554
0.222816
0.405683
0.735466
0.712058
0.581194
0.986694
0.002289
0.946196
0.581378
0.458571
0.429273
0.358226
0.604297
0.598865
0.422468
0.013459
0.103153
0.601062
0.241646
0.111667
0.041597
0.385388
0.193152
0.033204
0.880581
0.262856
0.762322
0.566698
0.020325
0.234352
0.841609
0.849544
0.103824
0.705435
0.710837
0.052583
0.087649
0.898709
0.925413
0.340373
0.486709
0.744499
0.768975
0.137577
0.699118
0.531358
0.427046
0.233924
0.817316
0.097720
0.537431
0.757714
0.831812
0.845515
0.273598
0.550035
0.633839
0.357524
0.618091
0.970641
0.722800
0.899625
0.981017
0.666524
0.025422
0.588549
0.820948
0.334727
0.732261
0.507614
0.423750
0.010620
0.557909
0.550310
0.496109
0.912809
0.331797
0.274117
0.729423
0.375561
0.324564
0.545061
0.990967
0.901120
0.217811
0.254616
0.298105
0.861629
0.121921
0.890255
0.232032
0.883267
0.549669
0.240455
0.947111
0.442885
0.750542
0.016175
0.432173
0.709067
0.313059
0.669149
0.180242
0.158422
0.440779
0.188849
0.922483
0.998535
0.808252
0.159429
0.582690
0.928831
0.403577
0.857387
0.109317
0.270608
0.263283
0.671560
0.340159
0.997528
0.506272
0.626850
0.556566
0.697348
0.572497
0.292306
0.883694
0.997253
0.073336
0.855800
0.192267
0.482528
0.159459
0.645253
0.659047
0.641377
0.812250
0.879055
0.641072
0.865749
0.965636
0.925779
0.021302
0.040437
0.864071
0.855220
0.680929
0.751305
0.563280
0.561419
0.254494
0.643513
0.979461
0.239448
0.825312
0.962004
0.394024
0.496841
0.715812
0.804407
0.819330
0.881069
0.030213
0.118198
0.132054
0.104160
0.105411
0.973418
0.380627
0.746178
0.526170
0.141636
0.172308
0.717948
0.861019
0.513443
0.547166
0.265358
0.775262
0.384350
0.243934
0.795526
0.677114
0.141606
0.765374
0.306436
0.553148
0.382519
0.148320
0.701926
0.149754
0.995544
0.845119
0.771905
0.156163
0.235511
0.622669
0.120334
0.546068
0.324686
0.885372
0.821711
0.733299
0.609699
0.328013
0.086978
0.698630
0.807031
0.325144
0.720939
0.743217
0.367321
0.962767
0.651448
0.025208
0.490158
0.119144
0.312449
0.536241
0.820521
0.500656
0.161718
0.673116
0.357921
0.038667
0.114475
0.061617
0.610096
0.554399
0.174474
0.788781
0.521653
0.097262
0.043367
0.699240
0.209571
0.863643
0.990143
0.912412
0.036653
0.101566
0.761193
0.216803
0.053957
0.908475
0.813044
0.497330
0.343699
0.327158
0.648335
0.852016
0.293741
0.647572
0.536637
0.554643
0.335215
0.319193
0.401288
0.519242
0.173803
0.381573
0.153569
0.422712
0.046907
0.818323
0.255226
0.141942
0.037202
0.741295
0.790948
0.661733
0.974090
0.811304
0.831690
0.109439
0.954283
0.801050
0.370403
0.073153
0.012940
0.707053
0.611194
0.859035
0.976379
0.316843
0.893307
0.844417
0.027253
0.637135
0.030946
0.583026
0.014771
0.089816
0.350810
0.818232
0.039460
0.881741
0.207465
0.060732
0.344829
0.454421
0.259194
0.887295
0.047273
0.420362
0.284249
0.615650
0.734550
0.891690
0.819880
0.513718
0.465041
0.607654
0.404431
0.197241
0.198614
0.767510
0.704611
0.373699
0.190161
0.974151
0.308420
0.588122
0.377453
0.195959
0.465651
0.126865
0.294412
0.152043
0.556597
0.736167
0.540880
0.027650
0.570879
0.310953
0.340464
0.926084
0.376934
0.211280
0.217231
0.962859
0.063997
0.361217
0.323222
0.409131
0.137638
0.787774
0.447127
0.789819
0.849757
0.755119
0.236244
0.343181
0.444899
0.151036
0.662404
0.748131
0.603809
0.281594
0.263192
0.525040
0.865383
0.729911
0.190039
0.016938
0.308298
0.435987
0.594134
0.357006
0.274026
0.653432
0.381146
0.328318
0.411695
0.939207
0.867031
0.522843
0.826716
0.833033
0.364696
0.705344
0.614093
0.382366
0.234138
0.788476
0.557787
0.169469
0.426527
0.325632
0.277261
0.996490
0.053438
0.927671
0.602771
0.885067
0.013276
0.509445
0.459975
0.546770
0.204962
0.772973
0.046113
0.980407
0.361278
0.833033
0.577990
0.352306
0.032228
0.391430
0.393750
0.816614
0.750389
0.366863
0.689291
0.430555
0.908750
0.385388
0.670766
0.822382
0.382977
0.039064
0.404218
0.766869
0.429151
0.318186
0.144017
0.325846
0.887814
0.123508
0.420698
0.708975
0.226020
0.265023
0.670003
0.511765
0.448897
0.853175
0.684256
0.486618
0.410932
0.488784
0.667135
0.503464
0.559557
0.158391
0.173254
0.856014
0.641041
0.240669
0.713767
0.569933
0.401105
0.530320
0.309153
0.869381
0.810419
0.686117
0.770684
0.457778
0.847011
0.008820
0.991485
0.769524
0.366466
0.955535
0.028687
0.848384
0.091464
0.296243
0.258003
0.009278
0.251381
0.319987
0.381451
0.939726
0.903745
0.995270
0.570147
0.396222
0.468490
0.492233
0.522996
0.153600
0.506607
0.972442
0.722770
0.361858
0.273690
0.052187
0.670431
0.967681
0.080599
0.846339
0.379559
0.356578
0.991821
0.997986
0.911557
0.872311
0.892850
0.600970
0.233161
0.368877
0.458144
0.421461
0.177618
0.452742
0.050752
0.323954
0.790338
0.569994
0.084658
0.309275
0.840876
0.596118
0.881314
0.069765
0.782006
0.083438
0.551622
0.468429
0.937284
0.823511
0.934599
0.848170
0.198492
0.879604
0.123753
0.577197
0.014100
0.746879
0.612934
0.737327
0.949797
0.795099
0.591968
0.360790
0.602741
0.651173
0.424726
0.122257
0.150487
0.677419
0.839412
0.892239
0.316080
0.201392
0.863369
0.057924
0.030061
0.654530
0.033082
0.018067
0.571459
0.274545
0.911130
0.757714
0.468093
0.529252
0.440321
0.909299
0.938200
0.916684
0.168035
0.206519
0.154210
0.298868
0.869930
0.736900
0.110141
0.424940
0.605914
0.899228
0.373516
0.799768
0.738823
0.472793
0.503525
0.554674
0.947172
0.703787
0.416486
0.476638
0.763359
0.815668
0.479507
0.851344
0.668630
0.849666
0.614338
0.277413
0.275704
0.241554
0.191839
0.107517
0.630696
0.041017
0.999054
0.672536
0.165288
0.179846
0.059481
0.945189
0.330943
0.695120
0.588549
0.799585
0.445265
0.313883
0.864437
0.522416
0.783349
0.305368
0.296915
0.732688
0.443770
0.006867
0.474136
0.365612
0.021851
0.929899
0.469497
0.877316
0.620380
0.852565
0.189337
0.326548
0.229591
0.804590
0.043062
0.489517
0.007630
0.351085
0.716666
0.664266
0.492599
0.081484
0.330973
0.320627
0.277352
0.709738
0.766228
0.252266
0.178747
0.692099
0.433332
0.386792
0.431990
0.768792
0.274361
0.910428
0.941740
0.335582
0.272134
0.863369
0.121067
0.052095
0.251289
0.862026
0.349803
0.592120
0.251442
0.104556
0.582751
0.943205
0.253731
0.315867
0.139958
0.161107
0.542497
0.788049
0.209937
0.985778
0.482559
0.173223
0.096561
0.224525
0.993988
0.184271
0.741966
0.309580
0.505417
0.860012
0.555437
0.935179
0.667013
0.551195
0.080782
0.181249
0.604511
0.283517
0.532609
0.029878
0.995453
0.653676
0.732658
0.680074
0.749138
0.914853
0.478378
0.568041
0.570971
0.408063
0.874111
0.498642
0.193365
0.995544
0.656178
0.794519
0.553270
0.651814
0.043825
0.868831
0.698782
0.869900
0.146428
0.128239
0.705130
0.037782
0.458754
0.612354
0.381970
0.441939
0.475448
0.275369
0.052705
0.054048
0.955626
0.316843
0.187384
0.757347
0.869411
0.467513
0.170568
0.168249
0.557237
0.636341
0.984863
0.710562
0.133183
0.825159
0.091922
0.097171
0.664052
0.717215
0.292184
0.876888
0.154393
0.845790
0.843806
0.201270
0.870449
0.748955
0.623066
0.469283
0.032105
0.017243
0.607044
0.004212
0.406201
0.639882
0.459456
0.420759
0.830836
0.556108
0.501694
0.837458
0.202887
0.818018
0.849452
0.591082
0.959532
0.270760
0.996979
0.609577
0.585223
0.156774
0.629688
0.098910
0.175329
0.549883
0.946532
0.701132
0.587542
0.025819
0.273324
0.778954
0.212592
0.475509
0.248543
0.983917
0.895230
0.466811
0.362438
0.763787
0.036775
0.061586
0.130955
0.965636
0.410932
0.494125
0.685781
0.191015
0.723289
0.616993
0.061525
0.059297
0.446303
0.520768
0.961486
0.035310
0.961394
0.233955
0.283059
0.977996
0.538102
0.909116
0.184515
0.065462
0.183203
0.401379
0.973571
0.254097
0.889706
0.646504
0.599658
0.926237
0.317545
0.743004
0.031281
0.884121
0.437513
0.146336
0.298868
0.345561
0.168828
0.880642
0.485122
0.097964
0.542497
0.173711
0.444044
0.466628
0.421003
0.422742
0.529496
0.253761
0.306284
0.896054
0.114750
0.304697
0.266396
0.077334
0.184637
0.857021
0.512894
0.059084
0.780786
0.329295
0.659719
0.890591
0.581866
0.705466
0.194952
0.287637
0.399823
0.171209
0.196844
0.609821
0.873470
0.158483
0.825159
0.511307
0.140172
0.454573
0.618915
0.172063
0.768059
0.531632
0.132603
0.515244
0.728324
0.753685
0.940977
0.317087
0.690695
0.616138
0.544420
0.615955
0.421674
0.675344
0.206091
0.325907
0.568041
0.323496
0.251839
0.462203
0.606128
0.065645
0.864223
0.883908
0.238441
0.454939
0.901944
0.960601
0.018830
0.342143
0.776055
0.069094
0.487259
0.596057
0.913785
0.326487
0.595782
0.950804
0.841914
0.465621
0.706748
0.136235
0.419996
0.259713
0.944426
0.948057
0.255745
0.401776
0.181463
0.413221
0.833064
0.245430
0.441420
0.707846
0.384045
0.313425
0.998413
0.982696
0.036805
0.979827
0.955290
0.753685
0.269570
0.232276
0.581896
0.012665
0.202795
0.920896
0.193915
0.715598
0.760491
0.399152
0.854152
0.803278
0.231697
0.964293
0.677419
0.412275
0.264046
0.002167
0.020081
0.430982
0.819697
0.244057
0.335673
0.057955
0.125736
0.040284
0.977691
0.518326
0.149907
0.058443
0.731010
0.594653
0.632984
0.311258
0.353008
0.128422
0.208869
0.920713
0.905820
0.148900
0.644185
0.525132
0.160497
0.784509
0.727836
0.734733
0.855312
0.614154
0.842524
0.542436
0.088015
0.614277
0.749107
0.095981
0.625050
0.357494
0.614917
0.737571
0.407056
0.619739
0.817682
0.717307
0.033723
0.051790
0.555956
0.486923
0.507859
0.071505
0.797540
0.979553
0.020722
0.632832
0.596789
0.782281
0.059633
0.028382
0.312876
0.607440
0.618885
0.381115
0.758995
0.969085
0.795679
0.981964
0.814875
0.470443
0.551958
0.129124
0.533464
0.609607
0.923490
0.626057
0.272774
0.508347
0.457472
0.593219
0.884457
0.471419
0.159978
0.751305
0.490432
0.782220
0.734306
0.830683
0.878353
0.640584
0.391644
0.264657
0.047700
0.650105
0.015320
0.821802
0.937559
0.759850
0.959716
0.334025
0.866909
0.067812
0.265084
0.176824
0.719535
0.391980
0.570177
0.657582
0.404065
0.014801
0.502457
0.968139
0.620655
0.508225
0.829127
0.858486
0.465560
0.044740
0.148259
0.687033
0.905057
0.101260
0.402875
0.004334
0.649312
0.961516
0.998016
0.326060
0.458480
0.923795
0.803003
0.251778
0.411237
0.619861
0.819422
0.585803
0.167486
0.351573
0.796564
0.615955
0.756798
0.851222
0.575213
0.207038
0.923032
0.371929
0.441359
0.864986
0.557207
0.514512
0.270730
0.427747
0.249397
0.696799
0.745903
0.539659
0.490982
0.671865
0.426527
0.565081
0.558428
0.001190
0.954711
0.097812
0.610279
0.889492
0.176061
0.722526
0.027985
0.286477
0.458388
0.184027
0.532304
0.663320
0.988464
0.621754
0.106204
0.368450
0.328898
0.023988
0.255776
0.970031
0.015931
0.559862
0.640248
0.490890
0.479537
0.944090
0.602283
0.942503
0.066713
0.491226
0.630146
0.063631
0.450209
0.015900
0.282601
0.670858
0.202521
0.234626
0.607898
0.526017
0.817652
0.825983
0.588336
0.128117
0.961211
0.805261
0.641224
0.334971
0.230323
0.369915
0.708090
0.221107
0.204535
0.871731
0.962523
0.078494
0.068880
0.072329
0.668966
0.966033
0.590808
0.338145
0.222724
0.713858
0.731223
0.931120
0.903073
0.789422
0.672414
0.051119
0.370373
0.930784
0.542467
0.787072
0.438734
0.953887
0.618671
0.631825
0.155217
0.639882
0.290384
0.718467
0.717032
0.108829
0.563250
0.432936
0.257485
0.585894
0.385327
0.560442
0.033113
0.966369
0.577044
0.620746
0.041505
0.085879
0.645589
0.549699
0.602802
0.101871
0.265694
0.382244
0.934782
0.892636
0.707389
0.093966
0.253700
0.880093
0.992370
0.256996
0.431684
0.182836
0.060091
0.666494
0.741844
0.505539
0.725181
0.594287
0.722709
0.670492
0.706412
0.825617
0.693014
0.198614
0.510117
0.135166
0.948088
0.845027
0.447493
0.359233
0.169103
0.496200
0.568590
0.719382
0.076724
0.334666
0.793115
0.554521
0.859645
0.677480
0.019990
0.117496
0.410291
0.394787
0.496780
0.592242
0.898068
0.314737
0.229591
0.987915
0.711905
0.521043
0.715995
0.066317
0.303171
0.949187
0.780877
0.958800
0.960204
0.187780
0.797327
0.628529
0.045625
0.891537
0.073428
0.835292
0.728141
0.711234
0.686544
0.757866
0.739250
0.148076
0.545640
0.931394
0.186956
0.237831
0.963927
0.655080
0.957396
0.471328
0.522080
0.527085
0.735099
0.857540
0.504135
0.262337
0.174413
0.535661
0.686422
0.450240
0.251991
0.842006
0.761711
0.407636
0.332224
0.238319
0.178991
0.783898
0.977172
0.007904
0.680960
0.074313
0.031373
0.125156
0.319468
0.697928
0.013916
0.205420
0.231269
0.795740
0.347758
0.941282
0.954436
0.406384
0.458510
0.931150
0.567186
0.174627
0.273782
0.306925
0.430158
0.249458
0.153752
0.066622
0.813562
0.527818
0.784997
0.518296
0.190161
0.900388
0.068117
0.741600
0.475784
0.655538
0.531266
0.473189
0.998016
0.697592
0.299631
0.322184
0.474899
0.736106
0.153447
0.721946
0.784722
0.101688
0.704733
0.524369
0.807733
0.345470
0.224555
0.643147
0.121677
0.277535
0.152074
0.651997
0.832057
0.601642
0.816248
0.744346
0.318155
0.801263
0.401715
0.960326
0.176763
0.434309
0.690298
0.087893
0.143986
0.492203
0.608783
0.144047
0.277078
0.979369
0.114933
0.841914
0.177252
0.370067
0.452437
0.950926
0.534623
0.098270
0.306253
0.955657
0.776879
0.736930
0.889798
0.919645
0.102542
0.022919
0.494644
0.960662
0.680380
0.384198
0.534806
0.243416
0.295846
0.124821
0.616138
0.896390
0.226417
0.924741
0.662313
0.758202
0.626331
0.809931
0.628956
0.360942
0.202551
0.249825
0.836695
0.055757
0.462935
0.537828
0.454695
0.687094
0.317850
0.111209
0.165899
0.722343
0.316721
0.966704
0.545000
0.242683
0.300485
0.828181
0.180517
0.701559
0.751244
0.222419
0.072695
0.856777
0.620533
0.119480
0.337413
0.782983
0.917447
0.293466
0.748436
0.370159
0.837489
0.060549
0.148686
0.215125
0.714011
0.550127
0.261910
0.311350
0.572985
0.165288
0.935850
0.444105
0.572497
0.389264
0.348430
0.697165
0.108463
0.593371
0.208258
0.976562
0.867397
0.003693
0.480148
0.958678
0.607837
0.481979
0.667531
0.368053
0.951415
0.276925
0.182653
0.991882
0.965056
0.403088
0.836055
0.336497
0.815455
0.802362
0.976226
0.333537
0.276864
0.945372
0.311075
0.000244
0.373974
0.028138
0.942289
0.461959
0.940458
0.421247
0.643635
0.241462
0.375042
0.526536
0.914914
0.222755
0.376049
0.698935
0.842372
0.194372
0.935514
0.388470
0.297067
0.379589
0.374584
0.159490
0.502426
0.858608
0.701071
0.743065
0.502121
0.290017
0.070406
0.778771
0.559496
0.837336
0.631581
0.402203
0.020173
0.706320
0.538926
0.334513
0.668569
0.200690
0.411145
0.630055
0.109622
0.701071
0.019166
0.738426
0.207862
0.474105
0.483261
0.037507
0.113407
0.718162
0.761620
0.493118
0.907895
0.751366
0.710959
0.601947
0.400403
0.748497
0.500687
0.274148
0.105136
0.933073
0.661977
0.811426
0.931974
0.630634
0.552507
0.637135
0.621143
0.089785
0.518937
0.934568
0.453261
0.476852
0.537461
0.849696
0.266243
0.950621
0.614490
0.414747
0.309641
0.223640
0.728019
0.848537
0.968688
0.516037
0.591479
0.389996
0.888150
0.307718
0.021119
0.321421
0.528336
0.796503
0.188025
0.337138
0.683767
0.466628
0.536180
0.914304
0.995758
0.675649
0.647847
0.841700
0.990967
0.664632
0.837428
0.563250
0.675924
0.898587
0.755181
0.492111
0.220038
0.143376
0.781762
0.951567
0.757317
0.185064
0.495193
0.899442
0.838618
0.597949
0.991302
0.091708
0.565691
0.467940
0.338908
0.841914
0.937895
0.477248
0.951109
0.032472
0.443068
0.256325
0.153569
0.534318
0.424085
0.410108
0.731773
0.690878
0.251625
0.123875
0.737602
0.022706
0.835047
0.755913
0.337199
0.809290
0.502548
0.322214
0.980956
0.703787
0.781365
0.280465
0.677084
0.037416
0.109958
0.518937
0.650044
0.969512
0.012909
0.956664
0.164678
0.139348
0.769982
0.661184
0.798120
0.976592
0.110385
0.890316
0.939543
0.325571
0.964293
0.963744
0.800317
0.541032
0.801416
0.371044
0.714896
0.710074
0.589373
0.022401
0.013794
0.157750
0.902188
0.047914
0.250587
0.892209
0.210273
0.052217
0.062990
0.144963
0.883816
0.230262
0.450667
0.663900
0.939573
0.250771
0.749687
0.913785
0.063723
0.313517
0.085910
0.841670
0.941099
0.286508
0.588061
0.362743
0.422071
0.329875
0.141606
0.223426
0.559069
0.911924
0.965178
0.397351
0.043062
0.624226
0.790216
0.670919
0.071932
0.701895
0.925810
0.574633
0.181585
0.654836
0.988952
0.316324
0.071230
0.917051
0.582720
0.872585
0.954314
0.919187
0.702445
0.894589
0.465499
0.491867
0.151891
0.584735
0.656301
0.004669
0.750481
0.200262
0.109134
0.148137
0.612568
0.339793
0.702414
0.764489
0.280557
0.669729
0.056520
0.633168
0.992492
0.246010
0.193609
0.618274
0.865688
0.088046
0.440657
0.082949
0.277932
0.160772
0.108463
0.978118
0.226814
0.421125
0.977203
0.510727
0.949065
0.085208
0.119510
0.799036
0.580737
0.772607
0.093356
0.419874
0.139866
0.683584
0.034639
0.255043
0.612506
0.466048
0.681845
0.542619
0.423505
0.927946
0.863521
0.539750
0.073336
0.251839
0.479690
0.702994
0.222327
0.867580
0.508988
0.792261
0.003082
0.639332
0.072146
0.805231
0.843104
0.523606
0.083529
0.147740
0.577960
0.353801
0.521744
0.947081
0.137120
0.908475
0.850642
0.913572
0.583178
0.918485
0.621998
0.658010
0.785516
0.170415
0.791131
0.869747
0.510605
0.361614
0.776452
0.262642
0.209052
0.863277
0.794702
0.694876
0.281472
0.048463
0.502548
0.368755
0.103763
0.340526
0.476272
0.516923
0.593982
0.638447
0.560503
0.480911
0.600757
0.275369
0.617359
0.588946
0.895901
0.166936
0.707266
0.738426
0.051363
0.304819
0.232521
0.089908
0.982391
0.252541
0.075350
0.778802
